1.9554352760314941
1.5805277824401855
1.3405089378356934
1.3145215511322021
1.0549222230911255
1.3684231042861938
1.138016939163208
0.8733689188957214
0.7610437870025635
1.0158201456069946
0.9535207748413086
0.9768213033676147
0.6801029443740845
0.8329417109489441
0.653960645198822
0.4608841836452484
0.5920870304107666
0.3679794371128082
0.32152584195137024
0.383451372385025
0.21871592104434967
0.1491495966911316
0.32619962096214294
0.204851895570755
0.1712179034948349
0.19954805076122284
0.15729165077209473
0.07409185916185379
0.15686042606830597
0.13468872010707855
0.05727366730570793
0.045618098229169846
0.1847391426563263
0.02925925701856613
0.022714888677001
0.046160876750946045
0.05981789901852608
0.023697050288319588
0.05015186220407486
0.02320045605301857
0.027448637410998344
0.019374944269657135
0.03973519802093506
0.01049073040485382
0.038901880383491516
0.013728035613894463
0.008002961985766888
0.03220267966389656
0.016621917486190796
0.008961264044046402
0.007068570237606764
0.006718186661601067
0.007022061850875616
0.00564021710306406
0.022538136690855026
0.013134758919477463
0.010241929441690445
0.01206648163497448
0.019186338409781456
0.006380129139870405
0.0029154084622859955
0.015306282788515091
0.0039732553996145725
0.010977246798574924
0.0076455241069197655
0.00648463424295187
0.005106729920953512
0.005608809180557728
0.01670330949127674
0.010576102882623672
0.0038147622253745794
0.004326111637055874
0.056697845458984375
0.00474027032032609
0.005217310506850481
0.013160697184503078
0.004932505078613758
0.001219303929246962
0.0024347512517124414
0.005945999640971422
0.002350051421672106
0.00775121571496129
0.003057618625462055
0.006599767133593559
0.006184120196849108
0.0057244380004704
0.004915704019367695
0.0066879186779260635
0.0027523518074303865
0.023958677425980568
0.0007398686720989645
0.004986502230167389
0.0010417700977995992
0.0030202805064618587
0.0016229982720687985
0.001486289780586958
0.0006156700546853244
0.012526473961770535
0.0035293586552143097
0.0060346657410264015
