0.2
0.4666666666666667
0.5
0.5666666666666667
0.7
0.5
0.6
0.7333333333333333
0.8
0.5666666666666667
0.6666666666666666
0.7
0.8
0.7666666666666666
0.8
0.9333333333333333
0.8
0.9333333333333333
1.0
0.9333333333333333
1.0
1.0
0.9333333333333333
0.9666666666666667
1.0
0.9666666666666667
1.0
1.0
0.9666666666666667
0.9666666666666667
1.0
1.0
1.0
1.0
1.0
1.0
1.0
1.0
1.0
1.0
1.0
1.0
1.0
1.0
1.0
1.0
1.0
1.0
1.0
1.0
1.0
1.0
1.0
1.0
1.0
1.0
1.0
1.0
1.0
1.0
1.0
1.0
1.0
1.0
1.0
1.0
1.0
1.0
1.0
1.0
1.0
1.0
0.9666666666666667
1.0
1.0
1.0
1.0
1.0
1.0
1.0
1.0
1.0
1.0
1.0
1.0
1.0
1.0
1.0
1.0
1.0
1.0
1.0
1.0
1.0
1.0
1.0
1.0
1.0
1.0
1.0
